# Back  Comp V
1.00000000 0.00000000
1.00000000 0.00000000
0.00000000 0.00000000
0.00000000 0.00000000
1.00000000 0.00000000
0.00000000 0.00000000
0.00000000 0.00000000
1.00000000 0.00000000
1.00000000 0.00000000
0.00000000 0.00000000
0.00000000 0.00000000
0.00000000 0.00000000
1.00000000 0.00000000
0.00000000 0.00000000
0.00000000 0.00000000
1.00000000 0.00000000
0.00000000 0.00000000
1.00000000 0.00000000
0.00000000 0.00000000
0.00000000 0.00000000
0.00000000 0.00000000
0.00000000 0.00000000
1.00000000 0.00000000
1.00000000 0.00000000
1.00000000 0.00000000
1.00000000 0.00000000
0.00000000 0.00000000
1.00000000 0.00000000
0.00000000 0.00000000
0.00000000 0.00000000
0.00000000 0.00000000
0.00000000 0.00000000
0.00000000 0.00000000
0.00000000 0.00000000
0.00000000 0.00000000
0.00000000 0.00000000
0.00000000 0.00000000
0.00000000 0.00000000
0.00000000 0.00000000
0.00000000 0.00000000
1.00000000 0.00000000
0.00000000 0.00000000
0.00000000 0.00000000
1.00000000 0.00000000
0.00000000 0.00000000
0.00000000 0.00000000
1.00000000 0.00000000
1.00000000 0.00000000
0.00000000 0.00000000
0.00000000 0.00000000
0.00000000 0.00000000
0.00000000 0.00000000
1.00000000 0.00000000
0.00000000 0.00000000
0.00000000 0.00000000
0.00000000 0.00000000
0.00000000 0.00000000
1.00000000 0.00000000
0.00000000 0.00000000
0.00000000 0.00000000
0.00000000 0.00000000
1.00000000 0.00000000
1.00000000 0.00000000
0.00000000 0.73416038
0.00000000 0.00000000
0.00000000 0.00000000
0.00000000 0.00000000
0.00000000 0.00000000
0.00000000 0.00000000
0.00000000 0.00000000
0.00000000 0.00000000
0.00000000 0.00000000
0.00000000 0.00000000
0.00000000 0.00000000
0.00000000 0.00000000
0.00000000 0.00000000
0.00000000 0.00000000
0.00000000 0.00000000
0.00000000 0.00000000
0.00000000 0.00000000
0.00000000 0.00000000
0.00000000 0.00000000
0.00000000 0.00000000
0.00000000 0.00000000
0.00000000 0.00000000
0.00000000 0.00000000
0.00000000 0.00000000
0.00000000 0.00000000
0.00000000 0.00000000
0.00000000 0.00000000
0.00000000 0.00000000
0.00000000 0.00000000
0.00000000 0.00000000
0.00000000 0.00000000
0.00000000 0.00000000
0.00000000 0.00000000
0.00000000 0.00000000
0.00000000 0.00000000
0.00000000 0.00000000
0.00000000 0.00000000
0.00000000 0.00000000
0.00000000 0.00000000
0.00000000 0.00000000
0.00000000 0.00000000
0.00000000 0.00000000
0.00000000 0.00000000
0.00000000 0.00000000
0.00000000 0.00000000
0.00000000 0.00000000
0.00000000 0.00000000
0.00000000 0.00000000
0.00000000 0.00000000
0.00000000 0.00000000
0.00000000 0.00000000
0.00000000 0.00000000
0.00000000 0.00000000
0.00000000 0.00000000
0.00000000 0.00000000
0.00000000 0.00000000
0.00000000 0.00000000
0.00000000 0.00000000
0.00000000 0.00000000
0.00000000 0.00000000
0.00000000 0.00000000
0.00000000 0.00000000
0.00000000 0.00000000
0.00000000 0.00000000
0.00000000 0.00000000
0.00000000 0.00000000
0.00000000 0.00000000
0.00000000 0.00000000
0.00000000 0.00000000
0.00000000 0.00000000
0.00000000 0.00000000
0.00000000 0.00000000
0.00000000 0.00000000
0.00000000 0.00000000
0.00000000 0.00000000
0.00000000 0.00000000
0.00000000 0.00000000
0.00000000 0.00000000
0.00000000 0.00000000
0.00000000 0.00000000
0.00000000 0.00000000
0.00000000 0.00000000
0.00000000 0.00000000
0.00000000 0.00000000
0.00000000 0.00000000
0.00000000 0.00000000
0.00000000 0.00000000
