# Back  Comp V
1.00000000 0.00000000
1.00000000 0.00000000
1.00000000 0.00000000
1.00000000 0.00000000
1.00000000 0.00000000
1.00000000 0.00000000
1.00000000 0.00000000
0.00000000 0.00000000
1.00000000 0.00000000
1.00000000 0.00000000
0.00000000 0.00000000
0.00000000 0.00000000
0.00000000 0.00000000
0.00000000 0.00000000
0.00000000 0.00000000
0.00000000 0.00000000
1.00000000 0.00000000
1.00000000 0.00000000
0.00000000 0.00000000
1.00000000 0.00000000
0.00000000 0.00000000
0.00000000 0.00000000
0.00000000 0.00000000
1.00000000 0.00000000
0.00000000 0.00000000
0.00000000 0.00000000
0.00000000 0.00000000
0.00000000 0.00000000
0.00000000 0.00000000
0.00000000 0.00000000
0.00000000 0.00000000
0.00000000 0.00000000
0.00000000 0.00000000
0.00000000 0.00000000
0.00000000 0.00000000
0.00000000 0.00000000
0.00000000 0.00000000
0.00000000 0.00000000
0.00000000 0.00000000
0.00000000 0.00000000
0.00000000 0.00000000
0.00000000 0.00000000
0.00000000 0.00000000
0.00000000 0.00000000
0.00000000 0.00000000
0.00000000 0.00000000
0.00000000 0.00000000
0.00000000 0.00000000
0.00000000 0.00000000
0.00000000 0.00000000
0.00000000 0.00000000
0.00000000 0.00000000
0.00000000 0.00000000
0.00000000 0.00000000
1.00000000 0.00000000
0.00000000 0.00000000
0.00000000 0.00000000
0.00000000 0.00000000
0.00000000 0.00000000
0.00000000 0.00000000
0.00000000 0.00000000
0.00000000 0.00000000
0.00000000 0.00000000
0.00000000 0.00000000
0.00000000 0.00000000
0.00000000 0.00000000
0.00000000 0.00000000
0.00000000 0.00000000
0.00000000 0.00000000
0.00000000 0.00000000
0.00000000 0.00000000
0.00000000 0.00000000
0.00000000 0.00000000
0.00000000 0.00000000
0.00000000 0.00000000
0.00000000 0.00000000
0.00000000 0.00000000
0.00000000 0.00000000
0.00000000 0.69932556
0.00000000 0.00000000
0.00000000 0.00000000
0.00000000 0.00000000
0.00000000 0.00000000
0.00000000 0.00000000
0.00000000 0.00000000
0.00000000 0.00000000
0.00000000 0.00000000
0.00000000 0.00000000
0.00000000 0.00000000
0.00000000 0.00000000
0.00000000 0.00000000
0.00000000 0.00000000
0.00000000 0.00000000
0.00000000 0.00000000
0.00000000 0.00000000
0.00000000 0.00000000
0.00000000 0.00000000
0.00000000 0.00000000
0.00000000 0.00000000
0.00000000 0.00000000
0.00000000 0.00000000
0.00000000 0.00000000
0.00000000 0.00000000
0.00000000 0.00000000
0.00000000 0.00000000
0.00000000 0.00000000
0.00000000 0.00000000
0.00000000 0.00000000
0.00000000 0.00000000
0.00000000 0.00000000
0.00000000 0.00000000
0.00000000 0.00000000
0.00000000 0.00000000
0.00000000 0.00000000
0.00000000 0.00000000
0.00000000 0.00000000
0.00000000 0.00000000
0.00000000 0.00000000
0.00000000 0.00000000
0.00000000 0.00000000
0.00000000 0.00000000
0.00000000 0.00000000
0.00000000 0.00000000
0.00000000 0.00000000
0.00000000 0.00000000
0.00000000 0.00000000
0.00000000 0.00000000
0.00000000 0.00000000
0.00000000 0.00000000
0.00000000 0.00000000
0.00000000 0.00000000
0.00000000 0.00000000
0.00000000 0.00000000
0.00000000 0.00000000
0.00000000 0.00000000
0.00000000 0.00000000
0.00000000 0.00000000
0.00000000 0.00000000
0.00000000 0.00000000
0.00000000 0.00000000
0.00000000 0.00000000
0.00000000 0.00000000
0.00000000 0.00000000
0.00000000 0.00000000
0.00000000 0.00000000
0.00000000 0.00000000
0.00000000 0.00000000
0.00000000 0.00000000
0.00000000 0.00000000
0.00000000 0.00000000
