# Back  Comp V
1.00000000 0.00000000
1.00000000 0.00000000
1.00000000 0.00000000
1.00000000 0.00000000
1.00000000 0.00000000
1.00000000 0.00000000
1.00000000 0.00000000
0.00000000 0.00000000
0.00000000 0.00000000
0.00000000 0.00000000
0.00000000 0.00000000
0.00000000 0.00000000
0.00000000 0.00000000
1.00000000 0.00000000
1.00000000 0.00000000
0.00000000 0.00000000
0.00000000 0.00000000
1.00000000 0.00000000
0.00000000 0.00000000
1.00000000 0.00000000
0.00000000 0.00000000
0.00000000 0.00000000
0.00000000 0.00000000
0.00000000 0.00000000
0.00000000 0.00000000
0.00000000 0.00000000
0.00000000 0.00000000
0.00000000 0.00000000
0.00000000 0.00000000
1.00000000 0.00000000
1.00000000 0.00000000
0.00000000 0.00000000
1.00000000 0.00000000
0.00000000 0.00000000
0.00000000 0.00000000
0.00000000 0.00000000
1.00000000 0.00000000
1.00000000 0.00000000
0.00000000 0.00000000
0.00000000 0.00000000
0.00000000 0.00000000
0.00000000 0.00000000
1.00000000 0.00000000
0.00000000 0.00000000
0.00000000 0.00000000
0.00000000 0.00000000
0.00000000 0.00000000
1.00000000 0.00000000
0.00000000 0.00000000
0.00000000 0.00000000
0.00000000 0.00000000
0.00000000 0.00000000
0.00000000 0.00000000
0.00000000 0.00000000
0.00000000 0.00000000
0.00000000 0.00000000
0.00000000 0.00000000
0.00000000 0.00000000
0.00000000 0.00000000
0.00000000 0.00000000
0.00000000 0.00000000
0.00000000 0.00000000
0.00000000 0.00000000
0.00000000 0.00000000
0.00000000 0.00000000
0.00000000 0.00000000
0.00000000 0.00000000
0.00000000 0.00000000
0.00000000 0.00000000
0.00000000 0.68016717
0.00000000 0.00000000
0.00000000 0.00000000
0.00000000 0.00000000
0.00000000 0.00000000
0.00000000 0.00000000
0.00000000 0.00000000
0.00000000 0.00000000
0.00000000 0.00000000
0.00000000 0.00000000
0.00000000 0.00000000
0.00000000 0.00000000
0.00000000 0.00000000
0.00000000 0.00000000
0.00000000 0.00000000
0.00000000 0.00000000
0.00000000 0.00000000
0.00000000 0.00000000
0.00000000 0.00000000
0.00000000 0.00000000
0.00000000 0.00000000
0.00000000 0.00000000
0.00000000 0.00000000
0.00000000 0.00000000
0.00000000 0.00000000
0.00000000 0.00000000
0.00000000 0.00000000
0.00000000 0.00000000
0.00000000 0.00000000
0.00000000 0.00000000
0.00000000 0.00000000
0.00000000 0.00000000
0.00000000 0.00000000
0.00000000 0.00000000
0.00000000 0.00000000
0.00000000 0.00000000
0.00000000 0.00000000
0.00000000 0.00000000
0.00000000 0.00000000
0.00000000 0.00000000
0.00000000 0.00000000
0.00000000 0.00000000
0.00000000 0.00000000
0.00000000 0.00000000
0.00000000 0.00000000
0.00000000 0.00000000
0.00000000 0.00000000
0.00000000 0.00000000
0.00000000 0.00000000
0.00000000 0.00000000
0.00000000 0.00000000
0.00000000 0.00000000
0.00000000 0.00000000
0.00000000 0.00000000
0.00000000 0.00000000
0.00000000 0.00000000
0.00000000 0.00000000
0.00000000 0.00000000
0.00000000 0.00000000
0.00000000 0.00000000
0.00000000 0.00000000
0.00000000 0.00000000
0.00000000 0.00000000
0.00000000 0.00000000
0.00000000 0.00000000
0.00000000 0.00000000
0.00000000 0.00000000
0.00000000 0.00000000
0.00000000 0.00000000
0.00000000 0.00000000
0.00000000 0.00000000
0.00000000 0.00000000
0.00000000 0.00000000
0.00000000 0.00000000
0.00000000 0.00000000
0.00000000 0.00000000
0.00000000 0.00000000
0.00000000 0.00000000
0.00000000 0.00000000
0.00000000 0.00000000
0.00000000 0.00000000
